% number of repeats:% 3
% enter nfirst, nlast, ninc:% 100 1500 100 
data_ref( 1, 1:2 ) = [ 100 5.890000e-05 ];
data_unb_var1( 1, 1:3 ) = [ 100 2.258700e-03 1.776357e-15];
data_ref( 2, 1:2 ) = [ 200 3.222000e-04 ];
data_unb_var1( 2, 1:3 ) = [ 200 8.293200e-03 3.552714e-15];
data_ref( 3, 1:2 ) = [ 300 1.036600e-03 ];
data_unb_var1( 3, 1:3 ) = [ 300 2.162270e-02 3.552714e-15];
data_ref( 4, 1:2 ) = [ 400 2.915800e-03 ];
data_unb_var1( 4, 1:3 ) = [ 400 4.566150e-02 7.105427e-15];
data_ref( 5, 1:2 ) = [ 500 4.883100e-03 ];
data_unb_var1( 5, 1:3 ) = [ 500 8.151960e-02 7.105427e-15];
data_ref( 6, 1:2 ) = [ 600 8.504400e-03 ];
data_unb_var1( 6, 1:3 ) = [ 600 1.512393e-01 7.105427e-15];
data_ref( 7, 1:2 ) = [ 700 1.408870e-02 ];
data_unb_var1( 7, 1:3 ) = [ 700 2.268680e-01 7.105427e-15];
data_ref( 8, 1:2 ) = [ 800 2.029320e-02 ];
data_unb_var1( 8, 1:3 ) = [ 800 3.755971e-01 7.105427e-15];
data_ref( 9, 1:2 ) = [ 900 2.913470e-02 ];
data_unb_var1( 9, 1:3 ) = [ 900 6.399437e-01 7.105427e-15];
data_ref( 10, 1:2 ) = [ 1000 3.864070e-02 ];
data_unb_var1( 10, 1:3 ) = [ 1000 1.036258e+00 1.421085e-14];
data_ref( 11, 1:2 ) = [ 1100 5.273290e-02 ];
data_unb_var1( 11, 1:3 ) = [ 1100 1.511355e+00 1.421085e-14];
data_ref( 12, 1:2 ) = [ 1200 6.533790e-02 ];
data_unb_var1( 12, 1:3 ) = [ 1200 2.183220e+00 1.421085e-14];
data_ref( 13, 1:2 ) = [ 1300 8.348530e-02 ];
data_unb_var1( 13, 1:3 ) = [ 1300 2.984667e+00 1.421085e-14];
data_ref( 14, 1:2 ) = [ 1400 1.025575e-01 ];
data_unb_var1( 14, 1:3 ) = [ 1400 3.588060e+00 1.421085e-14];
data_ref( 15, 1:2 ) = [ 1500 1.249902e-01 ];
data_unb_var1( 15, 1:3 ) = [ 1500 4.937235e+00 2.842171e-14];
