% number of repeats:% 3
% enter nfirst, nlast, ninc:% 100 1500 100 
data_ref( 1, 1:2 ) = [ 100 6.020000e-05 ];
data_unb_var1( 1, 1:3 ) = [ 100 2.231100e-03 0.000000e+00];
data_unb_var2( 1, 1:3 ) = [ 100 2.211200e-03 0.000000e+00];
data_unb_var3( 1, 1:3 ) = [ 100 2.221600e-03 0.000000e+00];
data_unb_var4( 1, 1:3 ) = [ 100 2.220200e-03 0.000000e+00];
data_unb_var5( 1, 1:3 ) = [ 100 2.214300e-03 0.000000e+00];
data_unb_var9( 1, 1:3 ) = [ 100 2.441000e-04 0.000000e+00];
data_blk_var1( 1, 1:3 ) = [ 100 4.233000e-04 0.000000e+00];
data_blk_var2( 1, 1:3 ) = [ 100 4.373000e-04 0.000000e+00];
data_blk_var3( 1, 1:3 ) = [ 100 4.528000e-04 0.000000e+00];
data_blk_var4( 1, 1:3 ) = [ 100 4.806000e-04 0.000000e+00];
data_blk_var5( 1, 1:3 ) = [ 100 4.661000e-04 0.000000e+00];
data_blk_var9( 1, 1:3 ) = [ 100 3.145000e-04 0.000000e+00];
data_ref( 2, 1:2 ) = [ 200 3.332000e-04 ];
data_unb_var1( 2, 1:3 ) = [ 200 8.519800e-03 0.000000e+00];
data_unb_var2( 2, 1:3 ) = [ 200 8.485700e-03 0.000000e+00];
data_unb_var3( 2, 1:3 ) = [ 200 8.477500e-03 0.000000e+00];
data_unb_var4( 2, 1:3 ) = [ 200 8.506500e-03 0.000000e+00];
data_unb_var5( 2, 1:3 ) = [ 200 8.526600e-03 0.000000e+00];
data_unb_var9( 2, 1:3 ) = [ 200 1.554900e-03 0.000000e+00];
data_blk_var1( 2, 1:3 ) = [ 200 2.054300e-03 0.000000e+00];
data_blk_var2( 2, 1:3 ) = [ 200 1.766800e-03 0.000000e+00];
data_blk_var3( 2, 1:3 ) = [ 200 1.893400e-03 0.000000e+00];
data_blk_var4( 2, 1:3 ) = [ 200 1.799600e-03 0.000000e+00];
data_blk_var5( 2, 1:3 ) = [ 200 1.768500e-03 0.000000e+00];
data_blk_var9( 2, 1:3 ) = [ 200 1.289500e-03 0.000000e+00];
data_ref( 3, 1:2 ) = [ 300 1.063700e-03 ];
data_unb_var1( 3, 1:3 ) = [ 300 2.274770e-02 0.000000e+00];
data_unb_var2( 3, 1:3 ) = [ 300 2.197100e-02 0.000000e+00];
data_unb_var3( 3, 1:3 ) = [ 300 2.261130e-02 0.000000e+00];
data_unb_var4( 3, 1:3 ) = [ 300 2.326860e-02 0.000000e+00];
data_unb_var5( 3, 1:3 ) = [ 300 2.255040e-02 0.000000e+00];
data_unb_var9( 3, 1:3 ) = [ 300 4.846300e-03 0.000000e+00];
data_blk_var1( 3, 1:3 ) = [ 300 4.611300e-03 0.000000e+00];
data_blk_var2( 3, 1:3 ) = [ 300 4.604800e-03 0.000000e+00];
data_blk_var3( 3, 1:3 ) = [ 300 4.704500e-03 0.000000e+00];
data_blk_var4( 3, 1:3 ) = [ 300 5.944300e-03 0.000000e+00];
data_blk_var5( 3, 1:3 ) = [ 300 4.624200e-03 0.000000e+00];
data_blk_var9( 3, 1:3 ) = [ 300 3.946800e-03 0.000000e+00];
data_ref( 4, 1:2 ) = [ 400 2.864100e-03 ];
data_unb_var1( 4, 1:3 ) = [ 400 4.772060e-02 0.000000e+00];
data_unb_var2( 4, 1:3 ) = [ 400 4.591780e-02 0.000000e+00];
data_unb_var3( 4, 1:3 ) = [ 400 4.785100e-02 0.000000e+00];
data_unb_var4( 4, 1:3 ) = [ 400 4.672510e-02 0.000000e+00];
data_unb_var5( 4, 1:3 ) = [ 400 4.731760e-02 0.000000e+00];
data_unb_var9( 4, 1:3 ) = [ 400 1.185090e-02 0.000000e+00];
data_blk_var1( 4, 1:3 ) = [ 400 1.123650e-02 0.000000e+00];
data_blk_var2( 4, 1:3 ) = [ 400 1.421770e-02 0.000000e+00];
data_blk_var3( 4, 1:3 ) = [ 400 1.247680e-02 0.000000e+00];
data_blk_var4( 4, 1:3 ) = [ 400 1.181630e-02 0.000000e+00];
data_blk_var5( 4, 1:3 ) = [ 400 1.214340e-02 0.000000e+00];
data_blk_var9( 4, 1:3 ) = [ 400 9.954600e-03 0.000000e+00];
data_ref( 5, 1:2 ) = [ 500 5.689700e-03 ];
data_unb_var1( 5, 1:3 ) = [ 500 9.282210e-02 0.000000e+00];
data_unb_var2( 5, 1:3 ) = [ 500 8.461510e-02 0.000000e+00];
data_unb_var3( 5, 1:3 ) = [ 500 8.897210e-02 0.000000e+00];
data_unb_var4( 5, 1:3 ) = [ 500 8.668690e-02 0.000000e+00];
data_unb_var5( 5, 1:3 ) = [ 500 8.596250e-02 0.000000e+00];
data_unb_var9( 5, 1:3 ) = [ 500 2.276590e-02 0.000000e+00];
data_blk_var1( 5, 1:3 ) = [ 500 1.803460e-02 0.000000e+00];
data_blk_var2( 5, 1:3 ) = [ 500 1.767720e-02 0.000000e+00];
data_blk_var3( 5, 1:3 ) = [ 500 2.523620e-02 0.000000e+00];
data_blk_var4( 5, 1:3 ) = [ 500 1.999840e-02 0.000000e+00];
data_blk_var5( 5, 1:3 ) = [ 500 1.812540e-02 0.000000e+00];
data_blk_var9( 5, 1:3 ) = [ 500 1.675140e-02 0.000000e+00];
data_ref( 6, 1:2 ) = [ 600 9.308800e-03 ];
data_unb_var1( 6, 1:3 ) = [ 600 1.560197e-01 0.000000e+00];
data_unb_var2( 6, 1:3 ) = [ 600 1.701122e-01 0.000000e+00];
data_unb_var3( 6, 1:3 ) = [ 600 1.722056e-01 0.000000e+00];
data_unb_var4( 6, 1:3 ) = [ 600 1.613145e-01 0.000000e+00];
data_unb_var5( 6, 1:3 ) = [ 600 1.674153e-01 0.000000e+00];
data_unb_var9( 6, 1:3 ) = [ 600 3.925170e-02 0.000000e+00];
data_blk_var1( 6, 1:3 ) = [ 600 3.334590e-02 0.000000e+00];
data_blk_var2( 6, 1:3 ) = [ 600 3.497040e-02 0.000000e+00];
data_blk_var3( 6, 1:3 ) = [ 600 3.329630e-02 0.000000e+00];
data_blk_var4( 6, 1:3 ) = [ 600 3.304190e-02 0.000000e+00];
data_blk_var5( 6, 1:3 ) = [ 600 3.439020e-02 0.000000e+00];
data_blk_var9( 6, 1:3 ) = [ 600 2.619320e-02 0.000000e+00];
data_ref( 7, 1:2 ) = [ 700 1.396370e-02 ];
data_unb_var1( 7, 1:3 ) = [ 700 2.637390e-01 0.000000e+00];
data_unb_var2( 7, 1:3 ) = [ 700 2.887840e-01 0.000000e+00];
data_unb_var3( 7, 1:3 ) = [ 700 2.605938e-01 0.000000e+00];
data_unb_var4( 7, 1:3 ) = [ 700 2.540669e-01 0.000000e+00];
data_unb_var5( 7, 1:3 ) = [ 700 2.429379e-01 0.000000e+00];
data_unb_var9( 7, 1:3 ) = [ 700 6.157290e-02 0.000000e+00];
data_blk_var1( 7, 1:3 ) = [ 700 5.139070e-02 0.000000e+00];
data_blk_var2( 7, 1:3 ) = [ 700 5.635440e-02 0.000000e+00];
data_blk_var3( 7, 1:3 ) = [ 700 5.758470e-02 0.000000e+00];
data_blk_var4( 7, 1:3 ) = [ 700 5.151300e-02 0.000000e+00];
data_blk_var5( 7, 1:3 ) = [ 700 5.607250e-02 0.000000e+00];
data_blk_var9( 7, 1:3 ) = [ 700 4.145080e-02 0.000000e+00];
data_ref( 8, 1:2 ) = [ 800 2.108540e-02 ];
data_unb_var1( 8, 1:3 ) = [ 800 4.203108e-01 0.000000e+00];
data_unb_var2( 8, 1:3 ) = [ 800 4.803371e-01 0.000000e+00];
data_unb_var3( 8, 1:3 ) = [ 800 4.942172e-01 0.000000e+00];
data_unb_var4( 8, 1:3 ) = [ 800 3.883980e-01 0.000000e+00];
data_unb_var5( 8, 1:3 ) = [ 800 4.026693e-01 0.000000e+00];
data_unb_var9( 8, 1:3 ) = [ 800 8.908120e-02 0.000000e+00];
data_blk_var1( 8, 1:3 ) = [ 800 8.279380e-02 0.000000e+00];
data_blk_var2( 8, 1:3 ) = [ 800 9.822740e-02 0.000000e+00];
data_blk_var3( 8, 1:3 ) = [ 800 9.970570e-02 0.000000e+00];
data_blk_var4( 8, 1:3 ) = [ 800 7.686780e-02 0.000000e+00];
data_blk_var5( 8, 1:3 ) = [ 800 1.019465e-01 0.000000e+00];
data_blk_var9( 8, 1:3 ) = [ 800 5.930440e-02 0.000000e+00];
data_ref( 9, 1:2 ) = [ 900 2.931840e-02 ];
data_unb_var1( 9, 1:3 ) = [ 900 6.579263e-01 0.000000e+00];
data_unb_var2( 9, 1:3 ) = [ 900 7.413613e-01 0.000000e+00];
data_unb_var3( 9, 1:3 ) = [ 900 9.014139e-01 0.000000e+00];
data_unb_var4( 9, 1:3 ) = [ 900 6.428325e-01 0.000000e+00];
data_unb_var5( 9, 1:3 ) = [ 900 5.911638e-01 0.000000e+00];
data_unb_var9( 9, 1:3 ) = [ 900 1.335706e-01 0.000000e+00];
data_blk_var1( 9, 1:3 ) = [ 900 1.339467e-01 0.000000e+00];
data_blk_var2( 9, 1:3 ) = [ 900 1.586944e-01 0.000000e+00];
data_blk_var3( 9, 1:3 ) = [ 900 2.332867e-01 0.000000e+00];
data_blk_var4( 9, 1:3 ) = [ 900 1.307285e-01 0.000000e+00];
data_blk_var5( 9, 1:3 ) = [ 900 2.689265e-01 0.000000e+00];
data_blk_var9( 9, 1:3 ) = [ 900 8.596900e-02 0.000000e+00];
data_ref( 10, 1:2 ) = [ 1000 4.037730e-02 ];
data_unb_var1( 10, 1:3 ) = [ 1000 9.470710e-01 0.000000e+00];
data_unb_var2( 10, 1:3 ) = [ 1000 1.225329e+00 0.000000e+00];
data_unb_var3( 10, 1:3 ) = [ 1000 1.767323e+00 0.000000e+00];
data_unb_var4( 10, 1:3 ) = [ 1000 9.593184e-01 0.000000e+00];
data_unb_var5( 10, 1:3 ) = [ 1000 7.653178e-01 0.000000e+00];
data_unb_var9( 10, 1:3 ) = [ 1000 1.740021e-01 0.000000e+00];
data_blk_var1( 10, 1:3 ) = [ 1000 1.823094e-01 0.000000e+00];
data_blk_var2( 10, 1:3 ) = [ 1000 2.355819e-01 0.000000e+00];
data_blk_var3( 10, 1:3 ) = [ 1000 3.811763e-01 0.000000e+00];
data_blk_var4( 10, 1:3 ) = [ 1000 1.571527e-01 0.000000e+00];
data_blk_var5( 10, 1:3 ) = [ 1000 3.070891e-01 0.000000e+00];
data_blk_var9( 10, 1:3 ) = [ 1000 1.170558e-01 0.000000e+00];
data_ref( 11, 1:2 ) = [ 1100 5.553560e-02 ];
data_unb_var1( 11, 1:3 ) = [ 1100 1.192491e+00 0.000000e+00];
data_unb_var2( 11, 1:3 ) = [ 1100 1.786620e+00 0.000000e+00];
data_unb_var3( 11, 1:3 ) = [ 1100 2.368526e+00 0.000000e+00];
