% number of repeats:% 3
% enter nfirst, nlast, ninc:% 100 1500 100 
data_ref( 1, 1:2 ) = [ 100 5.830000e-05 ];
data_blk_var1( 1, 1:3 ) = [ 100 1.035700e-03 1.776357e-15];
data_unb_var1( 1, 1:3 ) = [ 100 2.321900e-03 1.776357e-15];
data_blk_var2( 1, 1:3 ) = [ 100 1.069000e-03 1.776357e-15];
data_unb_var2( 1, 1:3 ) = [ 100 2.211700e-03 1.776357e-15];
data_blk_var3( 1, 1:3 ) = [ 100 1.099500e-03 1.776357e-15];
data_unb_var3( 1, 1:3 ) = [ 100 2.239200e-03 1.776357e-15];
data_blk_var4( 1, 1:3 ) = [ 100 1.088000e-03 0.000000e+00];
data_unb_var4( 1, 1:3 ) = [ 100 2.265700e-03 0.000000e+00];
data_blk_var5( 1, 1:3 ) = [ 100 1.096700e-03 1.776357e-15];
data_unb_var5( 1, 1:3 ) = [ 100 2.249400e-03 1.776357e-15];
data_blk_var9( 1, 1:3 ) = [ 100 8.834000e-04 1.421085e-14];
data_unb_var9( 1, 1:3 ) = [ 100 3.574000e-04 1.776357e-14];
data_ref( 2, 1:2 ) = [ 200 3.354000e-04 ];
data_blk_var1( 2, 1:3 ) = [ 200 4.464300e-03 3.552714e-15];
data_unb_var1( 2, 1:3 ) = [ 200 1.051000e-02 3.552714e-15];
data_blk_var2( 2, 1:3 ) = [ 200 5.208000e-03 3.552714e-15];
data_unb_var2( 2, 1:3 ) = [ 200 9.798500e-03 3.552714e-15];
data_blk_var3( 2, 1:3 ) = [ 200 5.079400e-03 3.552714e-15];
data_unb_var3( 2, 1:3 ) = [ 200 9.448600e-03 3.552714e-15];
data_blk_var4( 2, 1:3 ) = [ 200 4.313700e-03 0.000000e+00];
data_unb_var4( 2, 1:3 ) = [ 200 8.873200e-03 0.000000e+00];
data_blk_var5( 2, 1:3 ) = [ 200 4.428000e-03 3.552714e-15];
data_unb_var5( 2, 1:3 ) = [ 200 9.464300e-03 3.552714e-15];
data_blk_var9( 2, 1:3 ) = [ 200 2.939900e-03 3.552714e-14];
data_unb_var9( 2, 1:3 ) = [ 200 1.483200e-03 6.394885e-14];
data_ref( 3, 1:2 ) = [ 300 1.255000e-03 ];
data_blk_var1( 3, 1:3 ) = [ 300 1.163690e-02 3.552714e-15];
data_unb_var1( 3, 1:3 ) = [ 300 2.375340e-02 3.552714e-15];
data_blk_var2( 3, 1:3 ) = [ 300 1.108930e-02 3.552714e-15];
data_unb_var2( 3, 1:3 ) = [ 300 2.287530e-02 3.552714e-15];
data_blk_var3( 3, 1:3 ) = [ 300 1.136170e-02 3.552714e-15];
data_unb_var3( 3, 1:3 ) = [ 300 2.357450e-02 3.552714e-15];
data_blk_var4( 3, 1:3 ) = [ 300 1.158140e-02 0.000000e+00];
data_unb_var4( 3, 1:3 ) = [ 300 2.316000e-02 0.000000e+00];
data_blk_var5( 3, 1:3 ) = [ 300 1.205870e-02 3.552714e-15];
data_unb_var5( 3, 1:3 ) = [ 300 2.352470e-02 3.552714e-15];
data_blk_var9( 3, 1:3 ) = [ 300 9.363300e-03 6.039613e-14];
data_unb_var9( 3, 1:3 ) = [ 300 4.836200e-03 5.329071e-14];
data_ref( 4, 1:2 ) = [ 400 2.652800e-03 ];
data_blk_var1( 4, 1:3 ) = [ 400 2.443240e-02 7.105427e-15];
data_unb_var1( 4, 1:3 ) = [ 400 4.798630e-02 7.105427e-15];
data_blk_var2( 4, 1:3 ) = [ 400 2.386110e-02 7.105427e-15];
data_unb_var2( 4, 1:3 ) = [ 400 4.759920e-02 7.105427e-15];
data_blk_var3( 4, 1:3 ) = [ 400 2.413530e-02 7.105427e-15];
data_unb_var3( 4, 1:3 ) = [ 400 4.867690e-02 7.105427e-15];
data_blk_var4( 4, 1:3 ) = [ 400 2.384020e-02 0.000000e+00];
data_unb_var4( 4, 1:3 ) = [ 400 4.773460e-02 0.000000e+00];
data_blk_var5( 4, 1:3 ) = [ 400 2.432680e-02 7.105427e-15];
data_unb_var5( 4, 1:3 ) = [ 400 4.953890e-02 7.105427e-15];
data_blk_var9( 4, 1:3 ) = [ 400 2.020820e-02 7.105427e-14];
data_unb_var9( 4, 1:3 ) = [ 400 1.189280e-02 8.526513e-14];
data_ref( 5, 1:2 ) = [ 500 7.570300e-03 ];
data_blk_var1( 5, 1:3 ) = [ 500 5.862770e-02 7.105427e-15];
data_unb_var1( 5, 1:3 ) = [ 500 9.988670e-02 7.105427e-15];
data_blk_var2( 5, 1:3 ) = [ 500 5.058230e-02 7.105427e-15];
data_unb_var2( 5, 1:3 ) = [ 500 1.319882e-01 7.105427e-15];
data_blk_var3( 5, 1:3 ) = [ 500 5.300870e-02 7.105427e-15];
data_unb_var3( 5, 1:3 ) = [ 500 9.748320e-02 7.105427e-15];
data_blk_var4( 5, 1:3 ) = [ 500 5.493830e-02 0.000000e+00];
data_unb_var4( 5, 1:3 ) = [ 500 1.019922e-01 0.000000e+00];
data_blk_var5( 5, 1:3 ) = [ 500 4.995900e-02 7.105427e-15];
data_unb_var5( 5, 1:3 ) = [ 500 1.006795e-01 7.105427e-15];
data_blk_var9( 5, 1:3 ) = [ 500 3.870510e-02 1.634248e-13];
data_unb_var9( 5, 1:3 ) = [ 500 2.254600e-02 1.350031e-13];
data_ref( 6, 1:2 ) = [ 600 9.626000e-03 ];
data_blk_var1( 6, 1:3 ) = [ 600 8.360560e-02 7.105427e-15];
data_unb_var1( 6, 1:3 ) = [ 600 1.678928e-01 7.105427e-15];
data_blk_var2( 6, 1:3 ) = [ 600 8.412880e-02 7.105427e-15];
data_unb_var2( 6, 1:3 ) = [ 600 1.840433e-01 7.105427e-15];
data_blk_var3( 6, 1:3 ) = [ 600 8.144940e-02 7.105427e-15];
data_unb_var3( 6, 1:3 ) = [ 600 1.707439e-01 7.105427e-15];
data_blk_var4( 6, 1:3 ) = [ 600 8.198710e-02 0.000000e+00];
data_unb_var4( 6, 1:3 ) = [ 600 1.653725e-01 0.000000e+00];
data_blk_var5( 6, 1:3 ) = [ 600 9.100980e-02 7.105427e-15];
data_unb_var5( 6, 1:3 ) = [ 600 1.685965e-01 7.105427e-15];
data_blk_var9( 6, 1:3 ) = [ 600 6.047660e-02 1.207923e-13];
data_unb_var9( 6, 1:3 ) = [ 600 3.927950e-02 2.984279e-13];
data_ref( 7, 1:2 ) = [ 700 1.529640e-02 ];
data_blk_var1( 7, 1:3 ) = [ 700 1.509427e-01 7.105427e-15];
data_unb_var1( 7, 1:3 ) = [ 700 2.987951e-01 7.105427e-15];
data_blk_var2( 7, 1:3 ) = [ 700 1.524804e-01 7.105427e-15];
data_unb_var2( 7, 1:3 ) = [ 700 3.115968e-01 7.105427e-15];
data_blk_var3( 7, 1:3 ) = [ 700 1.443617e-01 7.105427e-15];
data_unb_var3( 7, 1:3 ) = [ 700 3.051151e-01 7.105427e-15];
data_blk_var4( 7, 1:3 ) = [ 700 1.391702e-01 0.000000e+00];
data_unb_var4( 7, 1:3 ) = [ 700 2.716674e-01 0.000000e+00];
data_blk_var5( 7, 1:3 ) = [ 700 1.397137e-01 7.105427e-15];
data_unb_var5( 7, 1:3 ) = [ 700 2.976915e-01 7.105427e-15];
data_blk_var9( 7, 1:3 ) = [ 700 1.018069e-01 1.385558e-13];
data_unb_var9( 7, 1:3 ) = [ 700 6.507160e-02 1.989520e-13];
data_ref( 8, 1:2 ) = [ 800 2.561570e-02 ];
data_blk_var1( 8, 1:3 ) = [ 800 3.079099e-01 7.105427e-15];
data_unb_var1( 8, 1:3 ) = [ 800 7.018463e-01 7.105427e-15];
data_blk_var2( 8, 1:3 ) = [ 800 3.285039e-01 7.105427e-15];
data_unb_var2( 8, 1:3 ) = [ 800 5.479608e-01 7.105427e-15];
data_blk_var3( 8, 1:3 ) = [ 800 2.686489e-01 7.105427e-15];
data_unb_var3( 8, 1:3 ) = [ 800 5.770336e-01 7.105427e-15];
data_blk_var4( 8, 1:3 ) = [ 800 2.979641e-01 0.000000e+00];
data_unb_var4( 8, 1:3 ) = [ 800 5.363137e-01 0.000000e+00];
data_blk_var5( 8, 1:3 ) = [ 800 2.899625e-01 7.105427e-15];
data_unb_var5( 8, 1:3 ) = [ 800 6.049348e-01 7.105427e-15];
data_blk_var9( 8, 1:3 ) = [ 800 1.379506e-01 1.776357e-13];
data_unb_var9( 8, 1:3 ) = [ 800 8.993540e-02 2.060574e-13];
data_ref( 9, 1:2 ) = [ 900 3.160980e-02 ];
data_blk_var1( 9, 1:3 ) = [ 900 4.850120e-01 7.105427e-15];
data_unb_var1( 9, 1:3 ) = [ 900 8.692110e-01 7.105427e-15];
data_blk_var2( 9, 1:3 ) = [ 900 4.832365e-01 7.105427e-15];
data_unb_var2( 9, 1:3 ) = [ 900 9.269309e-01 7.105427e-15];
data_blk_var3( 9, 1:3 ) = [ 900 4.787823e-01 7.105427e-15];
data_unb_var3( 9, 1:3 ) = [ 900 9.312364e-01 7.105427e-15];
data_blk_var4( 9, 1:3 ) = [ 900 6.190445e-01 0.000000e+00];
data_unb_var4( 9, 1:3 ) = [ 900 1.130725e+00 0.000000e+00];
data_blk_var5( 9, 1:3 ) = [ 900 4.868702e-01 7.105427e-15];
data_unb_var5( 9, 1:3 ) = [ 900 8.827933e-01 7.105427e-15];
data_blk_var9( 9, 1:3 ) = [ 900 2.219086e-01 1.847411e-13];
data_unb_var9( 9, 1:3 ) = [ 900 1.278235e-01 3.197442e-13];
data_ref( 10, 1:2 ) = [ 1000 4.330330e-02 ];
data_blk_var1( 10, 1:3 ) = [ 1000 7.337908e-01 1.421085e-14];
data_unb_var1( 10, 1:3 ) = [ 1000 1.319461e+00 1.421085e-14];
data_blk_var2( 10, 1:3 ) = [ 1000 7.635119e-01 1.421085e-14];
data_unb_var2( 10, 1:3 ) = [ 1000 1.467100e+00 1.421085e-14];
data_blk_var3( 10, 1:3 ) = [ 1000 7.461712e-01 1.421085e-14];
data_unb_var3( 10, 1:3 ) = [ 1000 1.523739e+00 1.421085e-14];
data_blk_var4( 10, 1:3 ) = [ 1000 7.867652e-01 0.000000e+00];
data_unb_var4( 10, 1:3 ) = [ 1000 1.546650e+00 0.000000e+00];
data_blk_var5( 10, 1:3 ) = [ 1000 8.023647e-01 1.421085e-14];
data_unb_var5( 10, 1:3 ) = [ 1000 1.620916e+00 1.421085e-14];
data_blk_var9( 10, 1:3 ) = [ 1000 2.705220e-01 1.989520e-13];
data_unb_var9( 10, 1:3 ) = [ 1000 1.781839e-01 3.481659e-13];
data_ref( 11, 1:2 ) = [ 1100 5.900850e-02 ];
data_blk_var1( 11, 1:3 ) = [ 1100 7.851134e-01 1.421085e-14];
data_unb_var1( 11, 1:3 ) = [ 1100 1.653655e+00 1.421085e-14];
data_blk_var2( 11, 1:3 ) = [ 1100 1.040707e+00 1.421085e-14];
