% number of repeats:% 3
% enter nfirst, nlast, ninc:% 100 1500 100 
data_ref( 1, 1:2 ) = [ 100 5.760000e-05 ];
data_unb_var1( 1, 1:3 ) = [ 100 2.177400e-03 1.776357e-15];
data_ref( 2, 1:2 ) = [ 200 3.251000e-04 ];
data_unb_var1( 2, 1:3 ) = [ 200 8.451300e-03 3.552714e-15];
data_ref( 3, 1:2 ) = [ 300 1.086000e-03 ];
data_unb_var1( 3, 1:3 ) = [ 300 2.213550e-02 3.552714e-15];
data_ref( 4, 1:2 ) = [ 400 2.476400e-03 ];
data_unb_var1( 4, 1:3 ) = [ 400 4.759120e-02 7.105427e-15];
data_ref( 5, 1:2 ) = [ 500 5.067100e-03 ];
data_unb_var1( 5, 1:3 ) = [ 500 8.548390e-02 7.105427e-15];
data_ref( 6, 1:2 ) = [ 600 9.277600e-03 ];
data_unb_var1( 6, 1:3 ) = [ 600 1.757918e-01 7.105427e-15];
data_ref( 7, 1:2 ) = [ 700 1.590730e-02 ];
data_unb_var1( 7, 1:3 ) = [ 700 3.032796e-01 7.105427e-15];
data_ref( 8, 1:2 ) = [ 800 2.173640e-02 ];
data_unb_var1( 8, 1:3 ) = [ 800 4.830527e-01 7.105427e-15];
data_ref( 9, 1:2 ) = [ 900 2.962520e-02 ];
data_unb_var1( 9, 1:3 ) = [ 900 8.307806e-01 7.105427e-15];
data_ref( 10, 1:2 ) = [ 1000 4.085920e-02 ];
data_unb_var1( 10, 1:3 ) = [ 1000 1.303116e+00 1.421085e-14];
data_ref( 11, 1:2 ) = [ 1100 5.369170e-02 ];
data_unb_var1( 11, 1:3 ) = [ 1100 1.859709e+00 1.421085e-14];
data_ref( 12, 1:2 ) = [ 1200 6.809440e-02 ];
data_unb_var1( 12, 1:3 ) = [ 1200 2.586989e+00 1.421085e-14];
data_ref( 13, 1:2 ) = [ 1300 9.007210e-02 ];
data_unb_var1( 13, 1:3 ) = [ 1300 3.588266e+00 1.421085e-14];
data_ref( 14, 1:2 ) = [ 1400 1.055952e-01 ];
data_unb_var1( 14, 1:3 ) = [ 1400 4.513269e+00 1.421085e-14];
data_ref( 15, 1:2 ) = [ 1500 1.279165e-01 ];
data_unb_var1( 15, 1:3 ) = [ 1500 5.603013e+00 2.842171e-14];
