% number of repeats:% 3
% enter nfirst, nlast, ninc:% 100 1500 100 
data_ref( 1, 1:2 ) = [ 100 9.070000e-05 ];
data_unb_var1( 1, 1:3 ) = [ 100 2.859400e-03 1.776357e-15];
data_unb_var2( 1, 1:3 ) = [ 100 2.180700e-03 1.776357e-15];
data_unb_var3( 1, 1:3 ) = [ 100 2.152900e-03 1.776357e-15];
data_unb_var4( 1, 1:3 ) = [ 100 2.179700e-03 0.000000e+00];
data_unb_var5( 1, 1:3 ) = [ 100 2.174900e-03 1.776357e-15];
data_unb_var9( 1, 1:3 ) = [ 100 2.364000e-04 1.776357e-14];
data_blk_var1( 1, 1:3 ) = [ 100 1.088700e-03 1.383534e+01];
data_blk_var2( 1, 1:3 ) = [ 100 4.103000e-04 2.387286e+01];
data_blk_var3( 1, 1:3 ) = [ 100 1.101400e-03 2.606527e+01];
data_blk_var4( 1, 1:3 ) = [ 100 1.092400e-03 2.606527e+01];
data_blk_var5( 1, 1:3 ) = [ 100 1.092500e-03 2.387286e+01];
data_blk_var9( 1, 1:3 ) = [ 100 6.717000e-04 4.059059e+02];
data_ref( 2, 1:2 ) = [ 200 3.530000e-04 ];
data_unb_var1( 2, 1:3 ) = [ 200 8.607200e-03 3.552714e-15];
data_unb_var2( 2, 1:3 ) = [ 200 8.610600e-03 3.552714e-15];
data_unb_var3( 2, 1:3 ) = [ 200 9.273100e-03 3.552714e-15];
data_unb_var4( 2, 1:3 ) = [ 200 8.534200e-03 0.000000e+00];
data_unb_var5( 2, 1:3 ) = [ 200 8.913100e-03 3.552714e-15];
data_unb_var9( 2, 1:3 ) = [ 200 1.544800e-03 6.394885e-14];
data_blk_var1( 2, 1:3 ) = [ 200 4.333800e-03 2.217688e+01];
data_blk_var2( 2, 1:3 ) = [ 200 1.085900e-03 2.831273e+01];
data_blk_var3( 2, 1:3 ) = [ 200 4.347500e-03 3.017754e+01];
data_blk_var4( 2, 1:3 ) = [ 200 4.348300e-03 3.017754e+01];
data_blk_var5( 2, 1:3 ) = [ 200 4.282000e-03 2.831273e+01];
data_blk_var9( 2, 1:3 ) = [ 200 3.037600e-03 6.912171e+02];
data_ref( 3, 1:2 ) = [ 300 1.124400e-03 ];
data_unb_var1( 3, 1:3 ) = [ 300 2.269450e-02 3.552714e-15];
data_unb_var2( 3, 1:3 ) = [ 300 2.189160e-02 3.552714e-15];
data_unb_var3( 3, 1:3 ) = [ 300 2.457890e-02 3.552714e-15];
data_unb_var4( 3, 1:3 ) = [ 300 2.341600e-02 0.000000e+00];
data_unb_var5( 3, 1:3 ) = [ 300 2.269710e-02 3.552714e-15];
data_unb_var9( 3, 1:3 ) = [ 300 4.902700e-03 5.329071e-14];
data_blk_var1( 3, 1:3 ) = [ 300 1.127980e-02 2.759958e+01];
data_blk_var2( 3, 1:3 ) = [ 300 2.176900e-03 3.644579e+01];
data_blk_var3( 3, 1:3 ) = [ 300 1.127120e-02 3.165250e+01];
data_blk_var4( 3, 1:3 ) = [ 300 1.140580e-02 3.165250e+01];
data_blk_var5( 3, 1:3 ) = [ 300 1.328050e-02 3.644579e+01];
data_blk_var9( 3, 1:3 ) = [ 300 8.947700e-03 1.000320e+03];
data_ref( 4, 1:2 ) = [ 400 2.632100e-03 ];
data_unb_var1( 4, 1:3 ) = [ 400 4.813970e-02 7.105427e-15];
data_unb_var2( 4, 1:3 ) = [ 400 4.596990e-02 7.105427e-15];
data_unb_var3( 4, 1:3 ) = [ 400 4.717130e-02 7.105427e-15];
data_unb_var4( 4, 1:3 ) = [ 400 4.656900e-02 0.000000e+00];
data_unb_var5( 4, 1:3 ) = [ 400 4.666440e-02 7.105427e-15];
data_unb_var9( 4, 1:3 ) = [ 400 1.149170e-02 8.526513e-14];
