% number of repeats:% 3
% enter nfirst, nlast, ninc:% 100 1500 100 
data_ref( 1, 1:2 ) = [ 100 5.770000e-05 ];
data_unb_var1( 1, 1:3 ) = [ 100 2.131300e-03 1.776357e-15];
data_unb_var2( 1, 1:3 ) = [ 100 2.145200e-03 1.776357e-15];
data_unb_var3( 1, 1:3 ) = [ 100 2.207800e-03 1.776357e-15];
data_unb_var4( 1, 1:3 ) = [ 100 2.192100e-03 0.000000e+00];
data_unb_var5( 1, 1:3 ) = [ 100 2.194700e-03 1.776357e-15];
data_unb_var9( 1, 1:3 ) = [ 100 2.386000e-04 1.776357e-14];
data_blk_var1( 1, 1:3 ) = [ 100 1.114000e-03 1.383534e+01];
data_blk_var2( 1, 1:3 ) = [ 100 3.941000e-04 2.387286e+01];
data_blk_var3( 1, 1:3 ) = [ 100 1.096000e-03 2.606527e+01];
data_blk_var4( 1, 1:3 ) = [ 100 1.078400e-03 2.606527e+01];
data_blk_var5( 1, 1:3 ) = [ 100 1.096600e-03 2.387286e+01];
data_blk_var9( 1, 1:3 ) = [ 100 6.723000e-04 4.059059e+02];
data_ref( 2, 1:2 ) = [ 200 3.238000e-04 ];
data_unb_var1( 2, 1:3 ) = [ 200 8.843700e-03 3.552714e-15];
data_unb_var2( 2, 1:3 ) = [ 200 8.577800e-03 3.552714e-15];
data_unb_var3( 2, 1:3 ) = [ 200 8.580500e-03 3.552714e-15];
data_unb_var4( 2, 1:3 ) = [ 200 8.575600e-03 0.000000e+00];
data_unb_var5( 2, 1:3 ) = [ 200 8.719100e-03 3.552714e-15];
data_unb_var9( 2, 1:3 ) = [ 200 1.472900e-03 6.394885e-14];
data_blk_var1( 2, 1:3 ) = [ 200 4.674100e-03 2.217688e+01];
data_blk_var2( 2, 1:3 ) = [ 200 1.091300e-03 2.831273e+01];
data_blk_var3( 2, 1:3 ) = [ 200 4.747700e-03 3.017754e+01];
data_blk_var4( 2, 1:3 ) = [ 200 4.391800e-03 3.017754e+01];
data_blk_var5( 2, 1:3 ) = [ 200 4.320900e-03 2.831273e+01];
data_blk_var9( 2, 1:3 ) = [ 200 2.950000e-03 6.912171e+02];
data_ref( 3, 1:2 ) = [ 300 1.067700e-03 ];
data_unb_var1( 3, 1:3 ) = [ 300 2.245800e-02 3.552714e-15];
data_unb_var2( 3, 1:3 ) = [ 300 2.186830e-02 3.552714e-15];
data_unb_var3( 3, 1:3 ) = [ 300 2.193890e-02 3.552714e-15];
data_unb_var4( 3, 1:3 ) = [ 300 2.227810e-02 0.000000e+00];
data_unb_var5( 3, 1:3 ) = [ 300 2.311310e-02 3.552714e-15];
data_unb_var9( 3, 1:3 ) = [ 300 4.847100e-03 5.329071e-14];
data_blk_var1( 3, 1:3 ) = [ 300 1.158820e-02 2.759958e+01];
data_blk_var2( 3, 1:3 ) = [ 300 1.976900e-03 3.644579e+01];
data_blk_var3( 3, 1:3 ) = [ 300 1.149040e-02 3.165250e+01];
data_blk_var4( 3, 1:3 ) = [ 300 1.142380e-02 3.165250e+01];
data_blk_var5( 3, 1:3 ) = [ 300 1.112380e-02 3.644579e+01];
data_blk_var9( 3, 1:3 ) = [ 300 8.535600e-03 1.000320e+03];
data_ref( 4, 1:2 ) = [ 400 2.511200e-03 ];
data_unb_var1( 4, 1:3 ) = [ 400 4.785790e-02 7.105427e-15];
data_unb_var2( 4, 1:3 ) = [ 400 4.606140e-02 7.105427e-15];
data_unb_var3( 4, 1:3 ) = [ 400 4.788670e-02 7.105427e-15];
data_unb_var4( 4, 1:3 ) = [ 400 4.787460e-02 0.000000e+00];
data_unb_var5( 4, 1:3 ) = [ 400 4.778950e-02 7.105427e-15];
data_unb_var9( 4, 1:3 ) = [ 400 1.210820e-02 8.526513e-14];
data_blk_var1( 4, 1:3 ) = [ 400 2.586130e-02 2.869136e+01];
data_blk_var2( 4, 1:3 ) = [ 400 3.321000e-03 4.153935e+01];
data_blk_var3( 4, 1:3 ) = [ 400 2.504650e-02 3.076184e+01];
data_blk_var4( 4, 1:3 ) = [ 400 2.393770e-02 3.076184e+01];
data_blk_var5( 4, 1:3 ) = [ 400 2.412980e-02 4.153935e+01];
data_blk_var9( 4, 1:3 ) = [ 400 1.900220e-02 1.369031e+03];
data_ref( 5, 1:2 ) = [ 500 4.949700e-03 ];
data_unb_var1( 5, 1:3 ) = [ 500 9.074360e-02 7.105427e-15];
data_unb_var2( 5, 1:3 ) = [ 500 8.699760e-02 7.105427e-15];
data_unb_var3( 5, 1:3 ) = [ 500 9.449750e-02 7.105427e-15];
data_unb_var4( 5, 1:3 ) = [ 500 9.780970e-02 0.000000e+00];
data_unb_var5( 5, 1:3 ) = [ 500 8.710740e-02 7.105427e-15];
data_unb_var9( 5, 1:3 ) = [ 500 2.254090e-02 1.350031e-13];
data_blk_var1( 5, 1:3 ) = [ 500 4.467880e-02 2.593698e+01];
data_blk_var2( 5, 1:3 ) = [ 500 4.885000e-03 5.640198e+01];
data_blk_var3( 5, 1:3 ) = [ 500 4.416810e-02 3.288875e+01];
data_blk_var4( 5, 1:3 ) = [ 500 4.297360e-02 3.288875e+01];
data_blk_var5( 5, 1:3 ) = [ 500 4.449370e-02 5.640198e+01];
data_blk_var9( 5, 1:3 ) = [ 500 3.556460e-02 1.700049e+03];
data_ref( 6, 1:2 ) = [ 600 8.722300e-03 ];
data_unb_var1( 6, 1:3 ) = [ 600 1.496399e-01 7.105427e-15];
data_unb_var2( 6, 1:3 ) = [ 600 1.599210e-01 7.105427e-15];
data_unb_var3( 6, 1:3 ) = [ 600 1.550532e-01 7.105427e-15];
data_unb_var4( 6, 1:3 ) = [ 600 1.552804e-01 0.000000e+00];
data_unb_var5( 6, 1:3 ) = [ 600 1.595549e-01 7.105427e-15];
data_unb_var9( 6, 1:3 ) = [ 600 3.965680e-02 2.984279e-13];
data_blk_var1( 6, 1:3 ) = [ 600 8.198930e-02 3.560718e+01];
data_blk_var2( 6, 1:3 ) = [ 600 7.174500e-03 5.223289e+01];
data_blk_var3( 6, 1:3 ) = [ 600 7.791430e-02 4.489008e+01];
data_blk_var4( 6, 1:3 ) = [ 600 7.766090e-02 4.489008e+01];
data_blk_var5( 6, 1:3 ) = [ 600 8.133000e-02 5.223289e+01];
data_blk_var9( 6, 1:3 ) = [ 600 5.652410e-02 1.978120e+03];
data_ref( 7, 1:2 ) = [ 700 1.425970e-02 ];
data_unb_var1( 7, 1:3 ) = [ 700 2.609751e-01 7.105427e-15];
data_unb_var2( 7, 1:3 ) = [ 700 2.703160e-01 7.105427e-15];
data_unb_var3( 7, 1:3 ) = [ 700 2.500584e-01 7.105427e-15];
data_unb_var4( 7, 1:3 ) = [ 700 2.671275e-01 0.000000e+00];
data_unb_var5( 7, 1:3 ) = [ 700 2.505596e-01 7.105427e-15];
data_unb_var9( 7, 1:3 ) = [ 700 5.947430e-02 1.989520e-13];
data_blk_var1( 7, 1:3 ) = [ 700 1.248310e-01 3.804602e+01];
data_blk_var2( 7, 1:3 ) = [ 700 1.016500e-02 5.895332e+01];
data_blk_var3( 7, 1:3 ) = [ 700 1.210473e-01 4.522487e+01];
data_blk_var4( 7, 1:3 ) = [ 700 1.241913e-01 4.522487e+01];
data_blk_var5( 7, 1:3 ) = [ 700 1.239897e-01 5.895332e+01];
data_blk_var9( 7, 1:3 ) = [ 700 8.743110e-02 2.397583e+03];
data_ref( 8, 1:2 ) = [ 800 2.101780e-02 ];
data_unb_var1( 8, 1:3 ) = [ 800 4.369457e-01 7.105427e-15];
data_unb_var2( 8, 1:3 ) = [ 800 4.404068e-01 7.105427e-15];
data_unb_var3( 8, 1:3 ) = [ 800 3.766858e-01 7.105427e-15];
data_unb_var4( 8, 1:3 ) = [ 800 3.905556e-01 0.000000e+00];
data_unb_var5( 8, 1:3 ) = [ 800 4.023976e-01 7.105427e-15];
data_unb_var9( 8, 1:3 ) = [ 800 8.868890e-02 2.060574e-13];
data_blk_var1( 8, 1:3 ) = [ 800 1.976602e-01 4.092346e+01];
data_blk_var2( 8, 1:3 ) = [ 800 1.320660e-02 6.483285e+01];
data_blk_var3( 8, 1:3 ) = [ 800 1.938326e-01 4.509391e+01];
data_blk_var4( 8, 1:3 ) = [ 800 1.969353e-01 4.509391e+01];
data_blk_var5( 8, 1:3 ) = [ 800 1.940712e-01 6.483285e+01];
data_blk_var9( 8, 1:3 ) = [ 800 1.253093e-01 2.527201e+03];
data_ref( 9, 1:2 ) = [ 900 2.997860e-02 ];
data_unb_var1( 9, 1:3 ) = [ 900 6.355724e-01 7.105427e-15];
data_unb_var2( 9, 1:3 ) = [ 900 7.745385e-01 7.105427e-15];
data_unb_var3( 9, 1:3 ) = [ 900 5.953085e-01 7.105427e-15];
data_unb_var4( 9, 1:3 ) = [ 900 9.225833e-01 0.000000e+00];
data_unb_var5( 9, 1:3 ) = [ 900 1.041506e+00 7.105427e-15];
data_unb_var9( 9, 1:3 ) = [ 900 1.300452e-01 3.197442e-13];
data_blk_var1( 9, 1:3 ) = [ 900 4.126313e-01 4.495866e+01];
data_blk_var2( 9, 1:3 ) = [ 900 1.965180e-02 6.927796e+01];
data_blk_var3( 9, 1:3 ) = [ 900 4.306989e-01 5.063012e+01];
data_blk_var4( 9, 1:3 ) = [ 900 5.072816e-01 5.063012e+01];
data_blk_var5( 9, 1:3 ) = [ 900 4.478981e-01 6.927796e+01];
data_blk_var9( 9, 1:3 ) = [ 900 1.843166e-01 2.998113e+03];
data_ref( 10, 1:2 ) = [ 1000 4.151190e-02 ];
data_unb_var1( 10, 1:3 ) = [ 1000 1.112151e+00 1.421085e-14];
data_unb_var2( 10, 1:3 ) = [ 1000 1.277861e+00 1.421085e-14];
data_unb_var3( 10, 1:3 ) = [ 1000 1.256920e+00 1.421085e-14];
data_unb_var4( 10, 1:3 ) = [ 1000 1.412016e+00 0.000000e+00];
data_unb_var5( 10, 1:3 ) = [ 1000 1.521613e+00 1.421085e-14];
data_unb_var9( 10, 1:3 ) = [ 1000 1.738875e-01 3.481659e-13];
data_blk_var1( 10, 1:3 ) = [ 1000 5.465735e-01 4.814153e+01];
data_blk_var2( 10, 1:3 ) = [ 1000 2.150550e-02 7.229917e+01];
data_blk_var3( 10, 1:3 ) = [ 1000 6.385851e-01 5.141892e+01];
data_blk_var4( 10, 1:3 ) = [ 1000 8.002931e-01 5.141892e+01];
data_blk_var5( 10, 1:3 ) = [ 1000 7.568421e-01 7.229917e+01];
data_blk_var9( 10, 1:3 ) = [ 1000 2.905293e-01 3.182348e+03];
data_ref( 11, 1:2 ) = [ 1100 5.308770e-02 ];
data_unb_var1( 11, 1:3 ) = [ 1100 1.340011e+00 1.421085e-14];
data_unb_var2( 11, 1:3 ) = [ 1100 2.132758e+00 1.421085e-14];
data_unb_var3( 11, 1:3 ) = [ 1100 1.715201e+00 1.421085e-14];
