% number of repeats:% 3
% enter nfirst, nlast, ninc:% 100 1500 100 
data_ref( 1, 1:2 ) = [ 100 4.700000e-05 ];
data_unb_var1( 1, 1:3 ) = [ 100 3.160000e-04 8.881784e-15];
data_ref( 2, 1:2 ) = [ 200 2.300000e-04 ];
data_unb_var1( 2, 1:3 ) = [ 200 1.348000e-03 2.131628e-14];
data_ref( 3, 1:2 ) = [ 300 6.860000e-04 ];
data_unb_var1( 3, 1:3 ) = [ 300 4.291000e-03 3.019807e-14];
data_ref( 4, 1:2 ) = [ 400 1.759000e-03 ];
data_unb_var1( 4, 1:3 ) = [ 400 8.997000e-03 3.375078e-14];
data_ref( 5, 1:2 ) = [ 500 3.338000e-03 ];
data_unb_var1( 5, 1:3 ) = [ 500 1.970500e-02 4.618528e-14];
data_ref( 6, 1:2 ) = [ 600 5.364000e-03 ];
data_unb_var1( 6, 1:3 ) = [ 600 2.946000e-02 6.039613e-14];
data_ref( 7, 1:2 ) = [ 700 8.775000e-03 ];
data_unb_var1( 7, 1:3 ) = [ 700 6.785500e-02 7.105427e-14];
data_ref( 8, 1:2 ) = [ 800 1.143500e-02 ];
data_unb_var1( 8, 1:3 ) = [ 800 7.626300e-02 7.460699e-14];
data_ref( 9, 1:2 ) = [ 900 1.629000e-02 ];
data_unb_var1( 9, 1:3 ) = [ 900 1.410000e-01 9.947598e-14];
data_ref( 10, 1:2 ) = [ 1000 2.190700e-02 ];
data_unb_var1( 10, 1:3 ) = [ 1000 2.646870e-01 9.237056e-14];
data_ref( 11, 1:2 ) = [ 1100 3.256100e-02 ];
data_unb_var1( 11, 1:3 ) = [ 1100 3.933330e-01 1.350031e-13];
data_ref( 12, 1:2 ) = [ 1200 3.656600e-02 ];
data_unb_var1( 12, 1:3 ) = [ 1200 5.597970e-01 1.350031e-13];
data_ref( 13, 1:2 ) = [ 1300 4.788000e-02 ];
data_unb_var1( 13, 1:3 ) = [ 1300 7.207290e-01 1.350031e-13];
data_ref( 14, 1:2 ) = [ 1400 5.892100e-02 ];
data_unb_var1( 14, 1:3 ) = [ 1400 8.723530e-01 1.847411e-13];
data_ref( 15, 1:2 ) = [ 1500 7.333100e-02 ];
data_unb_var1( 15, 1:3 ) = [ 1500 1.145219e+00 1.563194e-13];
