% number of repeats:% 3
% enter nfirst, nlast, ninc:% 100 1500 100 
data_ref( 1, 1:2 ) = [ 100 3.080000e-05 ];
data_unb_var1( 1, 1:3 ) = [ 100 2.384000e-04 8.881784e-15];
data_ref( 2, 1:2 ) = [ 200 1.638000e-04 ];
data_unb_var1( 2, 1:3 ) = [ 200 1.147800e-03 2.131628e-14];
data_ref( 3, 1:2 ) = [ 300 5.211000e-04 ];
data_unb_var1( 3, 1:3 ) = [ 300 3.554200e-03 3.019807e-14];
data_ref( 4, 1:2 ) = [ 400 1.220400e-03 ];
data_unb_var1( 4, 1:3 ) = [ 400 8.323100e-03 6.039613e-14];
data_ref( 5, 1:2 ) = [ 500 2.414100e-03 ];
data_unb_var1( 5, 1:3 ) = [ 500 1.587140e-02 5.329071e-14];
data_ref( 6, 1:2 ) = [ 600 4.115800e-03 ];
data_unb_var1( 6, 1:3 ) = [ 600 2.669030e-02 7.105427e-14];
data_ref( 7, 1:2 ) = [ 700 6.497300e-03 ];
data_unb_var1( 7, 1:3 ) = [ 700 4.186380e-02 1.136868e-13];
data_ref( 8, 1:2 ) = [ 800 1.036720e-02 ];
data_unb_var1( 8, 1:3 ) = [ 800 6.247300e-02 1.207923e-13];
data_ref( 9, 1:2 ) = [ 900 1.389970e-02 ];
data_unb_var1( 9, 1:3 ) = [ 900 8.680620e-02 1.065814e-13];
data_ref( 10, 1:2 ) = [ 1000 1.963410e-02 ];
data_unb_var1( 10, 1:3 ) = [ 1000 1.205178e-01 1.172396e-13];
data_ref( 11, 1:2 ) = [ 1100 2.577830e-02 ];
data_unb_var1( 11, 1:3 ) = [ 1100 1.959168e-01 1.705303e-13];
data_ref( 12, 1:2 ) = [ 1200 3.200460e-02 ];
data_unb_var1( 12, 1:3 ) = [ 1200 2.182147e-01 1.563194e-13];
data_ref( 13, 1:2 ) = [ 1300 4.070890e-02 ];
data_unb_var1( 13, 1:3 ) = [ 1300 3.076790e-01 1.776357e-13];
data_ref( 14, 1:2 ) = [ 1400 5.042320e-02 ];
data_unb_var1( 14, 1:3 ) = [ 1400 4.949334e-01 1.776357e-13];
data_ref( 15, 1:2 ) = [ 1500 6.085630e-02 ];
data_unb_var1( 15, 1:3 ) = [ 1500 7.499083e-01 1.989520e-13];
